10 
1
5	7	54000000
5	6	99000000
5	1	69000000
5	4	30000000
5	2	78000000
3	4	40500000
3	7	33000000	
3	0	69000000
4	6	33000000
4	8	30000000	
4	3	58500000	
4	0	78000000
5	6	72000000
5	8	84000000
5	5	51000000	
5	9	82500000
5	2	58500000
4	1	40500000
4	9	25500000
4	7	81000000
4	0	30000000
3	9	39000000
3	6	39000000
3	3	51000000
6	9	27000000	
6	2	33000000
6	3	72000000	
6	8	18000000	
6	5	39000000	
6	0	99000000
3	0	54000000	
3	1	33000000	
3	4	81000000
3	6	18000000
3	3	84000000
3	2	30000000
4	5	39000000
4	6	27000000
4	4	25500000
4	3	82500000