30
1
5	9	25500000		
5   18	33000000		
5   2	73500000		
5   25	15000000		
5   24	73500000		
5	11	58500000		
5   10	31500000		
5   5	24000000		
5   3	15000000		
5   25	18000000		
5	29	94500000	
5   17	94500000
5   12	78000000
5   22	81000000
5   0	73500000
5	19	76500000
5   11	37500000
5   6	54000000
5   4	42000000
5   1	15000000
8	25	93000000
8   29	49500000
8   23	16500000
8   14	51000000
8   27	67500000
8   19	87000000
8   12	51000000
8   3	42000000
3	10	94500000
3   23	40500000
3   1	24000000
4	29	67500000
4   13	27000000
4   7	21000000
4   3	54000000
2	26	93000000
2   6	21000000
2	14	33000000
2   24	43500000
4	0	25500000
4   18	58500000
4   28	33000000
4   25	96000000
5	5	94500000
5   13	30000000
5   26	76500000
5   15	94500000
5   1	31500000
6	21	73500000
6   15	67500000
6   29	21000000
6   14	30000000
6   1	58500000
6   3	37500000
2	2	78000000
2   4	51000000
2	10	30000000
2   6	27000000		
5	4	51000000		
5   19	51000000		
5   29	16500000		
5   11	30000000		
5   8	33000000		
3	11	67500000		
3   16	61500000		
3   10	94500000		
4	18	42000000		
4   27	85500000		
4   20	10050000
4   15	61500000		
4	22	45000000		
4   2	94500000		
4   28	73500000		
4   24	21000000		
5	0	33000000		
5   9	58500000		
5   20	21000000		
5   16	42000000		
5   25	31500000	
5	3	76500000		
5   14	51000000		
5   21	49500000		
5   29	81000000		
5   4	87000000		
2	18	21000000		
2   16	10050000
4	11	73500000		
4   22	82500000		
4   19	49500000		
4   24	10050000
3	17	45000000		
3   21	82500000		
3   2	81000000		
3	4	16500000		
3   29	24000000		
3   5	40500000		
5	28	51000000		
5   21	10050000
5   17	21000000		
5   8	43500000		
5   0	73500000	
5	4	93000000		
5   18	31500000		
5   9	96000000		
5   1	18000000		
5   0	15000000	
2	7	93000000		
2   10	76500000		
2	4	67500000		
2   16	85500000	
3	24	51000000		
3   9	33000000		
3   17	73500000		
7	6	67500000		
7   2	94500000		
7   4	49500000		
7   14	16500000		
7   11	21000000		
7   23	24000000	
7   19	81000000	
