20
2
8	13	37500000
8	1	97500000
8	19	43500000
8	9	19500000
8	7	54000000
8	4	39000000	
8	14	36000000	
8	5	93000000
4	0	97500000
4	9	33000000
4	16	93000000
4	5	40500000
4	11	82500000
4	12	27000000
4	10	33000000
4	14	84000000
3	11	93000000
3	13	78000000
3	5	81000000
3	13	25500000
3	6	58500000
3	0	39000000
6	15	19500000
6	18	33000000
6	13	22500000
6	3	81000000
6	1	40500000
6	0   93000000
2	8	66000000
2	4	58500000
4	12	81000000
4	19	91500000
4	17	96000000
4	0	54000000
2	14	85500000
2	6	66000000	
4	14	55500000
4	13	30000000
4	1	33000000
4	0	19500000
4	19	48000000
4	15	72000000
4	11	24000000
4	2	33000000
5	13	15000000
5	3	93000000
5	15	19500000
5	2	82500000
5	10	24000000
2	7	81000000
2	2	27000000
7	11	15000000
7	4	25500000
7	0	37500000
7	9	30000000
7	16	82500000
7	3	78000000
7	5	22500000	
6	16	46500000
6	9	55500000
6	19	39000000
6	8	85500000
6	2	84000000	
6	0	36000000	
4	5	19500000
4	17	49500000
4	11	19500000
4	10	72000000
4	14	46500000
4	18	37500000
4	13	82500000
4	1	93000000
2	15	49500000
2	7	96000000	
2	16	37500000
2	5	33000000
4	14	39000000
4	10	48000000
4	0	43500000
4	7	91500000
